$ANSIBLE_VAULT;1.1;AES256
32386563353033666265613362353031323337653537366534336236343131326266636233623236
6138656632613332633239623531343538656231363334300a313737373261373366316431393066
37336663666332633231363731396534353334323664366466346634373263373965363666626637
3238663338656333310a326234323766656166333734353262643264656533306633393935336231
35623733313831366664356130653839303965643563613466626336336338386338656232343637
36323263346430333132626263633738643539656535656532646539383834633330656563356331
66636637313434636238623965626563313761643835383165346163396136383132623731373630
36633030616464373639353161396630366635303561643339356533636462323934613834633738
35356134646630313138636630336264393463633761393464373531356239333661396133643765
35393835623661646131323435636635666434636562313633616135613261366637323136346262
63353030303538623963323436333665376166356361646431633462356663326264393763646563
34646634643461313738326335663663386364363661636130313361643235613232663063356166
65663036323161396536386132646533386631303765393137663132306130346139386437366262
37613063373961323663353133373832613137643235336139363365653138646664316138306332
61633364313633363162313661626233323432393135396539636632363331616135393665653263
61386539643164616130643630316232663563656137393137323161663534303634326135363533
61633236333037393335393331373865336233656637323434323630613864356263303639643135
30613537643436643932616630376132313436616162653433393936336363663331393837353363
66393261376361613338386263393430656363393363376135666330613033616434396634353430
32663436383565383739346234303966343432623033393161336235303133393663633937303739
33633633316535383338313866303666636562326433306131323630376664313966653566663539
3039396133393232666333366261386230303763316535326462
